[0.8198861217714143]
[0.02274303490722529]
[0.4927002708250645]
[0.9054559786980452]
[0.4620028984142802]
[0.34642527288473557]
[0.3367608313175472]
[0.7328820383925192]
[0.4663206584517521]
[0.6393614261910271]
[0.7020663224544965]
[0.8523630782966106]
[0.08110165803874625]
[0.726908493018261]
[0.9045452721175837]
[0.18279945751645488]
[0.7015540472890452]
[0.7788000096750585]
[0.08554509958043299]
[0.35071511257390053]
[0.9107862510845853]
[0.8664597218262461]
[0.7200971563430822]
[0.6737625871554913]
[0.9367662955159163]
[0.8593968682806832]
[0.8065623723046924]
[0.6317477498638413]
[0.29596819776094263]
[0.6118315937007831]
[0.42966433477277255]
[0.9540554051160544]
[0.6743549399701235]
[0.22801874099541786]
[0.4420613245937587]
[0.9591832270882044]
[0.2711611981798828]
[0.8791112009806042]
[0.13395398415270543]
[0.12448756593687893]
