[0.6006748080557117]
[0.6207231383350694]
[0.0889062639707413]
[0.1892713662108101]
[0.9534133715618127]
[0.4209006988219681]
[0.47344498700831483]
[0.20010403372164032]
[0.3216677933414258]
[0.24715451807276634]
[0.32679797318156345]
[0.6278391317822674]
[0.11308124973238576]
[0.15751887614677929]
[0.6178264694354998]
[0.16170515230413085]
[0.11329587589675816]
[0.02038338820193819]
[0.10311463768080253]
[0.22539973126095425]
[0.9019572194428884]
[0.8986026429506974]
[0.49611960794418086]
[0.6754412563613994]
[0.696100767724938]
[0.7270125150708465]
[0.26456028929584774]
[0.15214548014328322]
[0.20131942904987543]
[0.24641893829701833]
[0.5365312579994639]
[0.42011797511368865]
[0.9211045278770535]
[0.4045877594671712]
[0.9631248869517817]
[0.08585404933910223]
[0.2056062050303915]
[0.533964843913857]
[0.9148131966465158]
[0.7132551199050261]
