[0.5357560286206977]
[0.829535501023584]
[0.2204596145587734]
[0.7792749238767261]
[0.7461340597822369]
[0.49638447354797277]
[0.6815657628125781]
[0.4759671011574311]
[0.5305679093450625]
[0.2461158768928675]
[0.5771795335498077]
[0.6255380540585087]
[0.07717957298892641]
[0.010698438958945289]
[0.5517454497929999]
[0.8784422041838577]
[0.3011736745563305]
[0.7090981271310967]
[0.5474757855947452]
[0.8346308246399345]
[0.6691772827830181]
[0.599572334580514]
[0.029953794288521407]
[0.4739928328364257]
[0.8402842289287366]
[0.3584908047633828]
[0.1539792453490728]
[0.9851750643943744]
[0.11050502115125749]
[0.46909935032347994]
[0.6137807424007242]
[0.09673250173439985]
[0.9715240244752931]
[0.033030787546804774]
[0.4918814372726108]
[0.21461376607260207]
[0.3649295743536355]
[0.7802428507084977]
[0.1264437681652737]
[0.6619433410098108]
